3 0.57890625 0.71640625 0.22265625 0.10703125
3 0.3453125 0.846875 0.1296875 0.1203125
3 0.425 0.63828125 0.11484375 0.06328125
3 0.45625 0.56796875 0.0921875 0.05
3 0.5703125 0.60859375 0.0953125 0.05
3 0.5828125 0.50703125 0.08515625 0.03359375
3 0.38359375 0.4796875 0.1625 0.03984375
3 0.2765625 0.51640625 0.09765625 0.03984375
3 0.4734375 0.43359375 0.0875 0.0265625
3 0.92265625 0.65703125 0.1546875 0.08671875
3 0.8703125 0.58203125 0.1 0.04296875
3 0.82109375 0.53828125 0.1125 0.05
3 0.75625 0.46796875 0.0671875 0.0234375
3 0.68984375 0.43515625 0.0703125 0.0234375
3 0.73359375 0.3953125 0.1078125 0.0296875
3 0.60390625 0.35 0.10234375 0.0265625
3 0.6453125 0.3734375 0.06484375 0.0203125
3 0.4890625 0.38671875 0.0578125 0.0203125