3 0.359375 0.81171875 0.259375 0.203125
3 0.346875 0.49140625 0.2078125 0.08984375
3 0.24609375 0.38828125 0.18046875 0.05
3 0.23359375 0.31328125 0.12265625 0.03984375
3 0.31015625 0.28359375 0.10625 0.03359375
3 0.35625 0.25703125 0.0953125 0.0265625
3 0.28984375 0.21640625 0.065625 0.0265625
3 0.56171875 0.41015625 0.12265625 0.046875
3 0.55703125 0.36640625 0.0875 0.03984375
3 0.46328125 0.31484375 0.0734375 0.0296875
3 0.61328125 0.3265625 0.08984375 0.03359375
3 0.665625 0.36796875 0.0625 0.0296875
3 0.925 0.753125 0.12265625 0.1